101325.0        0.0
94212.902031	609.600000
87510.539207	1219.200000
81199.603167	1828.800000
75262.360314	2438.400000
69681.641624	3048.000000
64440.832498	3657.600000
59523.862648	4267.200000
54915.196022	4876.800000
50599.820768	5486.400000
46563.239236	6096.000000
42791.458022	6705.600000
39270.978047	7315.200000
35988.784683	7924.800000
32932.337913	8534.400000
30089.562537	9144.000000
27448.838422	9753.600000
24998.990784	10363.200000
22729.280526	10972.800000
20646.148921	11582.400000
18753.902886	12192.000000
17035.083628	12801.600000
15473.796360	13411.200000
14055.603073	14020.800000
12767.389020	14630.400000
